4 0 1
5 0 1
6 1 1
14 -1 1
15 1 1
16 1 1
17 1 2
18 2 2
24 -1 2
25 0 1
26 -1 1
27 -1 1
28 0 1
29 1 1
30 2 1
34 -2 2
35 -1 1
36 0 1
37 0 2
38 1 1
39 0 1
40 1 0
41 1 0
42 1 1
44 -1 1
45 -2 1
46 -1 0
47 -1 0
48 -1 1
49 1 1
50 1 1
51 2 0
52 1 1
53 1 -1
54 1 0
55 -1 0
56 -1 1
57 -1 -1
58 -1 1
59 -1 1
61 1 -1
62 1 -1
63 1 1
64 1 -1
65 1 0
66 -1 0
67 -1 1
68 -1 -1
69 -2 0
70 -1 -1
71 -1 -1
72 1 -1
73 1 0
74 1 0
75 2 -1
76 1 -1
78 -1 -1
79 -1 0
80 -1 0
81 0 -1
82 -1 -1
83 0 -2
84 0 -1
85 1 -1
86 2 -2
90 -2 -1
91 -1 -1
92 0 -1
93 1 -1
94 1 -1
95 0 -1
96 1 -2
102 -2 -2
103 -1 -2
104 -1 -1
105 -1 -1
106 1 -1
114 -1 -1
115 0 -1
116 0 -1