0 0 6 6 1
1 0 5 6 2
2 0 4 6 7
3 1 7 6 0
4 1 6 5 11
5 1 5 4 12
6 1 4 5 14
7 1 3 6 23
8 2 8 5 4
9 2 7 4 10
10 2 6 4 5
11 2 5 5 6
12 2 4 4 13
13 2 3 4 22
14 2 2 5 33
15 3 9 6 3
16 3 8 4 9
17 3 7 3 18
18 3 6 3 20
19 3 5 2 30
20 3 4 3 21
21 3 3 3 31
22 3 2 4 32
23 3 1 6 34
24 4 10 6 15
25 4 9 5 8
26 4 8 4 16
27 4 7 3 17
28 4 6 2 19
29 4 5 1 41
30 4 4 2 42
31 4 3 3 53
32 4 2 4 44
33 4 1 5 43
34 4 0 6 45
35 5 10 6 24
36 5 9 4 26
37 5 8 5 25
38 5 7 2 28
39 5 6 1 29
40 5 5 0 40
41 5 4 1 51
42 5 3 2 52
43 5 2 5 55
44 5 1 4 54
45 5 0 6 56
46 6 10 6 35
47 6 9 5 37
48 6 8 4 36
49 6 7 3 27
50 6 6 2 38
51 6 5 1 39
52 6 4 2 61
53 6 3 3 63
54 6 2 4 64
55 6 1 5 72
56 6 0 6 65
57 7 9 6 46
58 7 8 4 48
59 7 7 3 49
60 7 6 3 59
61 7 5 2 50
62 7 4 3 60
63 7 3 3 62
64 7 2 4 71
65 7 1 6 77
66 8 8 5 47
67 8 7 4 58
68 8 6 4 67
69 8 5 5 74
70 8 4 4 75
71 8 3 4 70
72 8 2 5 76
73 9 7 6 57
74 9 6 5 66
75 9 5 4 68
76 9 4 5 69
77 9 3 6 80
78 10 6 6 73
79 10 5 6 78
80 10 4 6 79