0 -1 
1 -1
2 -1
3 -1
4 6 0 1
5 6 0 1
6 6 1 1
7 -1
8 -1
9 -1
10 -1
11 -1
12 -1
13 -1
14 6 -1 1
15 5 1 1
16 4 1 1
17 5 1 2
18 6 2 2
19 -1
20 -1
21 -1
22 -1
23 -1
24 5 -1 2
25 4 0 1
26 4 -1 1
27 5 -1 1
28 4 0 1
29 4 1 1
30 5 2 1
31 -1
32 -1
33 -1
34 6 -2 2
35 4 -1 1
36 3 0 1
37 3 0 2
38 2 1 1
39 3 0 1
40 3 1 0
41 4 1 0
42 6 1 1
43 -1
44 6 -1 1
45 5 -2 1
46 4 -1 0
47 3 -1 0
48 2 -1 1
49 1 1 1
50 2 1 1
51 3 2 0
52 4 1 1
53 5 1 -1
54 6 1 0
55 6 -1 0
56 4 -1 1
57 5 -1 -1
58 2 -1 1
59 1 -1 1
60 0 0 0
61 1 1 -1
62 2 1 -1
63 5 1 1
64 4 1 -1
65 6 1 0
66 6 -1 0
67 5 -1 1
68 4 -1 -1
69 3 -2 0
70 2 -1 -1
71 1 -1 -1
72 2 1 -1
73 3 1 0
74 4 1 0
75 5 2 -1
76 6 1 -1
77 -1
78 6 -1 -1
79 4 -1 0
80 3 -1 0
81 3 0 -1
82 2 -1 -1
83 3 0 -2
84 3 0 -1
85 4 1 -1
86 6 2 -2
87 -1
88 -1
89 -1
90 5 -2 -1
91 4 -1 -1
92 4 0 -1
93 5 1 -1
94 4 1 -1
95 4 0 -1
96 5 1 -2
97 -1
98 -1
99 -1
100 -1
101 -1
102 6 -2 -2
103 5 -1 -2
104 4 -1 -1
105 5 -1 -1
106 6 1 -1
107 -1
108 -1
109 -1
110 -1
111 -1
112 -1 
113 -1
114 6 -1 -1
115 6 0 -1
116 6 0 -1
117 -1
118 -1
119 -1
120 -1